     0/499     13.2G   0.05641   0.01181  0.008124   0.07635        15       640         0         0  0.002061 0.0003467   0.04205  0.006822  0.006427
     1/499     13.9G    0.0492   0.01052  0.007548   0.06726         8       640         0         0     0.064   0.02209   0.03695  0.005881  0.005899
     2/499     13.9G   0.04445   0.01026  0.007142   0.06186        14       640       0.5  0.003852    0.1606   0.05872   0.03376   0.00548  0.005496
     3/499     13.9G   0.04035  0.009917  0.006837    0.0571        16       640    0.2378    0.2321    0.2385   0.09332   0.03129  0.005023   0.00509
     4/499     13.9G   0.03624  0.009647  0.006501   0.05239        16       640     0.759    0.2827    0.3045    0.1315   0.02915  0.004745  0.004739
     5/499     13.9G   0.03376  0.008903  0.006168   0.04883         4       640     0.747    0.2972    0.3408    0.1474    0.0269  0.004581  0.004229
     6/499     13.9G   0.03369  0.008683  0.005843   0.04821        10       640    0.6826    0.2532    0.3571    0.1519   0.02697  0.004291  0.003808
     7/499     13.9G    0.0324  0.008351  0.004944   0.04569         3       640    0.4901    0.3664    0.4127     0.173    0.0257  0.004175  0.002942
     8/499     13.9G   0.03194  0.008331  0.004253   0.04453        12       640    0.4626      0.45    0.4386    0.1892    0.0253  0.003975  0.002424
     9/499     13.9G    0.0318  0.007781  0.003731   0.04331        25       640    0.4211     0.465     0.411     0.133   0.02768  0.003835  0.002133
    10/499     13.9G   0.03252  0.007987   0.00336   0.04387         3       640    0.4282    0.4573    0.4106    0.1735   0.02641  0.003876  0.002215
    11/499     13.9G   0.03123   0.00762  0.003176   0.04203        11       640     0.505    0.5327    0.5133    0.2417    0.0251  0.003551  0.002023
    12/499     13.9G   0.03084  0.007667  0.002939   0.04144        15       640    0.5095    0.5523    0.5389    0.2734   0.02394  0.003611  0.001817
    13/499     13.9G   0.03006    0.0075  0.002813   0.04037        17       640    0.4259    0.5971    0.5344    0.2527   0.02427  0.003512  0.001677
    14/499     13.9G   0.02955  0.007202  0.002678   0.03943        10       640     0.467    0.6434    0.5617    0.2483   0.02381  0.003462  0.001529
    15/499     13.9G   0.02872   0.00674  0.002486   0.03795         8       640    0.5105    0.5612    0.5436    0.2495   0.02425  0.003474  0.001575
    16/499     13.9G   0.02899   0.00697   0.00245   0.03841        19       640    0.5216    0.6355    0.5936    0.3062   0.02287  0.003315   0.00148
    17/499     13.9G   0.02806  0.006811  0.002424   0.03729        10       640    0.4852    0.6637    0.5933    0.2961   0.02321  0.003325  0.001464
    18/499     13.9G   0.02769  0.006778   0.00203    0.0365        10       640    0.3912    0.6377    0.5525    0.2695   0.02376  0.003351  0.001426
    19/499     13.9G   0.02727  0.006655  0.002295   0.03622        19       640    0.5196    0.6314     0.598     0.303   0.02287  0.003215  0.001365
    20/499     13.9G   0.02733  0.006582   0.00212   0.03603        28       640    0.4277    0.6761    0.5906    0.3096    0.0229  0.003263  0.001175
    21/499     13.9G   0.02706  0.006521  0.002089   0.03567        14       640    0.4665     0.661    0.5958    0.2884   0.02266  0.003218  0.001261
    22/499     13.9G   0.02648  0.006587  0.001965   0.03503        11       640    0.5282    0.6675    0.6168    0.3107   0.02248  0.003184  0.001164
    23/499     13.9G   0.02615  0.006489  0.001793   0.03443        11       640    0.5182    0.6543    0.6164    0.3251   0.02282   0.00316  0.001148
    24/499     13.9G   0.02646  0.006335  0.001855   0.03465        11       640    0.4914    0.6717    0.6255    0.3275   0.02203  0.003167  0.001154
    25/499     13.9G    0.0259   0.00637  0.001924    0.0342        17       640    0.4818    0.6417    0.6065    0.3321   0.02312  0.003173   0.00127
    26/499     13.9G    0.0267  0.006596  0.002007    0.0353        28       640    0.4624    0.6697    0.6066     0.309   0.02281  0.003118  0.001244
    27/499     13.9G   0.02575  0.006427  0.001874   0.03405        20       640    0.4715    0.6548    0.5815    0.2986   0.02335  0.003151  0.001102
    28/499     13.9G   0.02532  0.006271  0.001675   0.03326        15       640    0.4931    0.6876    0.6228    0.3393    0.0223  0.003091   0.00113
    29/499     13.9G   0.02494   0.00629  0.001652   0.03288         9       640     0.514    0.6568    0.6191    0.3234   0.02238  0.003128  0.001234
    30/499     13.9G   0.02498   0.00619  0.001675   0.03284        12       640    0.5091    0.6633    0.6008    0.3169   0.02236  0.003162  0.001087
    31/499     13.9G   0.02452  0.006022   0.00157   0.03211        12       640    0.4931     0.676    0.6296    0.3322   0.02232  0.003096  0.001086
    32/499     13.9G   0.02511  0.006046   0.00168   0.03284        10       640    0.4712    0.6805    0.6197    0.3174   0.02271  0.003073  0.001007
    33/499     13.9G   0.02436  0.006238  0.001524   0.03212        22       640    0.4812    0.7167    0.6376    0.3349   0.02237   0.00305   0.00104
    34/499     13.9G   0.02473  0.006337  0.001686   0.03275        21       640    0.5015     0.674    0.6224    0.3423   0.02224  0.003073  0.001061
    35/499     13.9G   0.02446  0.006032  0.001529   0.03202         8       640     0.488    0.6764     0.618    0.3285   0.02248  0.003071  0.001087
    36/499     13.9G   0.02418  0.006017  0.001503    0.0317         9       640    0.4982    0.6698    0.6273    0.3185   0.02209  0.003122 0.0009701
    37/499     13.9G   0.02389  0.006119  0.001489    0.0315        16       640    0.5287    0.6845     0.645    0.3473   0.02195  0.002996 0.0009867
    38/499     13.9G   0.02337  0.005677  0.001473   0.03052        13       640     0.525     0.697    0.6394     0.347   0.02231  0.003027  0.001003
    39/499     13.9G   0.02357  0.005637  0.001356   0.03057        13       640    0.5183    0.6526    0.6288    0.3316    0.0225   0.00305  0.000974
    40/499     13.9G   0.02361  0.005846  0.001562   0.03102        17       640     0.472    0.6996    0.6108    0.3232   0.02189  0.003086  0.001024
    41/499     13.9G   0.02375  0.006055    0.0015    0.0313        20       640    0.4981     0.674    0.6302    0.3516   0.02203  0.003081  0.001029
    42/499     13.9G   0.02336   0.00588  0.001466   0.03071        17       640    0.4615    0.6866    0.5991    0.3314   0.02252   0.00313    0.0011
    43/499     13.9G   0.02348  0.005857  0.001465    0.0308        19       640    0.5324    0.6803    0.6334    0.3458   0.02169  0.003062 0.0009874
    44/499     13.9G    0.0233  0.006007  0.001413   0.03072        12       640    0.5405    0.6354    0.6048    0.3309   0.02315  0.003047  0.001045
    45/499     13.9G   0.02286   0.00575  0.001248   0.02986         6       640    0.4956    0.6867    0.6159    0.3336   0.02247  0.003029  0.001082
    46/499     13.9G   0.02298  0.005967   0.00138   0.03033        18       640    0.5362    0.6726    0.6463    0.3624   0.02218  0.002961  0.001205
    47/499     13.9G   0.02253  0.005813  0.001349    0.0297        24       640    0.4889    0.7167     0.635    0.3418   0.02257   0.00301  0.001118
    48/499     13.9G   0.02252  0.005697  0.001326   0.02954        18       640    0.4785    0.6761    0.6317    0.3394   0.02238  0.003048  0.001032
    49/499     13.9G   0.02231  0.006059  0.001281   0.02965         9       640     0.453    0.7086    0.6385    0.3426   0.02197  0.003014  0.001147
    50/499     13.9G   0.02255  0.005429  0.001216    0.0292        10       640    0.5431    0.6844    0.6545     0.348   0.02239  0.003042  0.001162
    51/499     13.9G   0.02211  0.005681  0.001232   0.02903        16       640    0.4945    0.7015    0.6374    0.3405   0.02222  0.003044  0.001061
    52/499     13.9G   0.02215  0.005502  0.001264   0.02891        14       640    0.4958    0.6439    0.6092    0.3317   0.02258  0.003088  0.001189
    53/499     13.9G   0.02225  0.005655  0.001224   0.02913        21       640    0.4848    0.6861    0.6208    0.3261    0.0224  0.003044   0.00101
    54/499     13.9G   0.02178  0.005602  0.001237   0.02862        23       640    0.5015    0.6802    0.6321    0.3412     0.022  0.003049  0.001095
    55/499     13.9G   0.02201  0.005503  0.001257   0.02877        25       640    0.5003     0.689     0.633    0.3268   0.02218  0.003036  0.000915
    56/499     13.9G   0.02194  0.005582   0.00141   0.02894        11       640    0.4976    0.6804     0.629    0.3393   0.02212  0.003043  0.001071
    57/499     13.9G   0.02165  0.005326   0.00126   0.02823        10       640    0.4981    0.6674    0.6219    0.3486    0.0216  0.003002 0.0009854
    58/499     13.9G   0.02154  0.005603  0.001183   0.02833         9       640    0.5651     0.663    0.6433    0.3526   0.02146  0.003057 0.0009653
    59/499     13.9G   0.02207  0.005718  0.001369   0.02916        11       640    0.5281    0.7013    0.6452    0.3492   0.02148  0.003066  0.001114
    60/499     13.9G   0.02132   0.00548  0.001306    0.0281        19       640    0.5382    0.6717    0.6353     0.348   0.02171  0.003074 0.0009128
    61/499     13.9G   0.02106  0.005565  0.001175    0.0278         8       640    0.5181    0.7059     0.648    0.3606   0.02178  0.002984 0.0009808
    62/499     13.9G   0.02101  0.005507  0.001216   0.02774        17       640    0.5022     0.712    0.6553    0.3595   0.02181  0.002977  0.001003
    63/499     13.9G   0.02109  0.005302  0.001164   0.02756         8       640    0.5619    0.6905    0.6562    0.3643   0.02216  0.003003  0.000944
    64/499     13.9G   0.02138  0.005436  0.001177   0.02799        18       640    0.5506    0.6846    0.6434    0.3578   0.02152  0.002991  0.001073
    65/499     13.9G   0.02131  0.005282  0.001142   0.02773         9       640    0.5444    0.6769    0.6381    0.3575   0.02181  0.003024  0.001057
    66/499     13.9G    0.0213   0.00539  0.001342   0.02803        11       640    0.5315    0.6972    0.6453    0.3585    0.0217  0.003001 0.0009931
    67/499     13.9G   0.02066  0.005482  0.001189   0.02733        17       640    0.5097    0.6805    0.6315    0.3456   0.02218  0.003032  0.001054
    68/499     13.9G    0.0212   0.00523  0.001121   0.02755         9       640    0.5266    0.6972    0.6644    0.3524   0.02231  0.002964  0.001075
    69/499     13.9G   0.02063  0.005272  0.001245   0.02714         8       640    0.5253    0.6678    0.6282    0.3446   0.02202  0.003026  0.001075
    70/499     13.9G   0.02061  0.005304   0.00106   0.02697         5       640    0.5276    0.7039    0.6593    0.3493   0.02237  0.003025   0.00104
    71/499     13.9G   0.02025  0.005187  0.001047   0.02648        19       640    0.5456    0.6751    0.6559    0.3589   0.02236  0.003038  0.001152
    72/499     13.9G   0.02088   0.00522  0.001024   0.02712         9       640    0.5176     0.693    0.6463    0.3592   0.02196   0.00299  0.001118
    73/499     13.9G   0.02051  0.005302  0.001067   0.02688        24       640    0.5022    0.6653    0.6098    0.3202   0.02293  0.003148  0.001301
    74/499     13.9G   0.02009  0.005134  0.001068    0.0263        13       640    0.5355     0.693    0.6539    0.3639   0.02193   0.00305  0.001218
    75/499     13.9G   0.02034  0.005074   0.00109   0.02651        11       640     0.532    0.6954    0.6536    0.3637    0.0221  0.003065  0.001141
    76/499     13.9G   0.01999  0.005102  0.001062   0.02615         7       640    0.5324    0.7036    0.6544    0.3702   0.02182  0.003009  0.001088
    77/499     13.9G   0.02005  0.005165  0.001076   0.02629        28       640    0.5017    0.6865    0.6221    0.3341   0.02264  0.003046  0.001244
    78/499     13.9G   0.01997  0.005032   0.00113   0.02613        17       640    0.5548    0.6693     0.651    0.3518     0.022   0.00304  0.001137
    79/499     13.9G   0.01961  0.005205 0.0009354   0.02575         8       640     0.562    0.6894    0.6537    0.3605   0.02181  0.003074  0.001072
    80/499     13.9G   0.02061  0.005227  0.001139   0.02698        16       640    0.5238    0.6847      0.64    0.3551   0.02208  0.003063  0.001194
    81/499     13.9G   0.02009   0.00502  0.001039   0.02615        20       640     0.548    0.6737    0.6455    0.3453   0.02187  0.003122  0.001188
    82/499     13.9G   0.01986  0.005105  0.001049   0.02602        14       640    0.5526    0.6951    0.6621    0.3608   0.02187  0.003052   0.00112
    83/499     13.9G   0.01977  0.005063  0.001049   0.02588         5       640    0.6144    0.6661    0.6657    0.3684   0.02176  0.003149  0.001141
    84/499     13.9G    0.0198  0.005106 0.0009382   0.02584        21       640    0.5486    0.6736    0.6478    0.3484   0.02193   0.00307   0.00112
    85/499     13.9G   0.01951  0.005062 0.0009644   0.02554         7       640    0.5571    0.7036    0.6632    0.3635   0.02181   0.00305  0.001121
    86/499     13.9G   0.01971  0.004857 0.0009897   0.02556         3       640    0.5153    0.6887    0.6335    0.3488    0.0219  0.003085  0.001155
    87/499     13.9G   0.01925  0.005198  0.001126   0.02557        24       640    0.5373    0.6694     0.658     0.347   0.02181  0.003101   0.00107
    88/499     13.9G    0.0192   0.00491  0.001038   0.02515        12       640    0.5056    0.6803     0.635    0.3536   0.02196  0.003098  0.001034
    89/499     13.9G   0.01891  0.004797 0.0009151   0.02462        13       640    0.5563    0.6674    0.6401    0.3537   0.02254  0.003104  0.001147
    90/499     13.9G   0.01953  0.005004 0.0009705    0.0255        19       640    0.5134     0.712    0.6574    0.3632   0.02182  0.003054  0.001146
    91/499     13.9G   0.01958  0.004991  0.001067   0.02564        15       640    0.5568    0.6697      0.65    0.3633   0.02219  0.003106  0.001196
    92/499     13.9G   0.01877  0.005084 0.0009117   0.02477         7       640    0.5813    0.6548    0.6447    0.3415   0.02192  0.003141  0.001049
    93/499     13.9G   0.01893  0.005129 0.0009824   0.02504        11       640    0.5631    0.6763    0.6436    0.3381   0.02183  0.003095  0.001042
    94/499     13.9G   0.01911  0.004873 0.0009591   0.02495        10       640    0.5358    0.6546    0.6306    0.3396   0.02186  0.003161  0.001142
    95/499     13.9G    0.0189  0.005006  0.001042   0.02495        13       640    0.5669    0.6958    0.6711    0.3567   0.02137  0.003041  0.001183
    96/499     13.9G   0.01901  0.004888  0.001083   0.02498        28       640    0.5534    0.6835    0.6376    0.3355    0.0221  0.003112   0.00113
    97/499     13.9G   0.01875  0.004894 0.0008869   0.02453        18       640    0.5389    0.6911    0.6465    0.3397   0.02213  0.003105  0.001082
    98/499     13.9G   0.01905   0.00499  0.001015   0.02506        10       640    0.5479    0.6839    0.6681    0.3663   0.02133  0.003037  0.001073
    99/499     13.9G   0.01831  0.004785 0.0008183   0.02391        14       640    0.5568    0.6994    0.6697    0.3707   0.02148  0.003046  0.001065
   100/499     13.9G    0.0182  0.004841 0.0009692   0.02401         6       640    0.5377    0.6824    0.6425    0.3462   0.02166   0.00313  0.001005
   101/499     13.9G   0.01877   0.00463 0.0009112   0.02432        14       640    0.5681    0.6888    0.6504    0.3466   0.02164  0.003157  0.001057
   102/499     13.9G   0.01824  0.004848 0.0008885   0.02397        15       640    0.5634    0.7102    0.6735    0.3632   0.02123  0.003111  0.001203
   103/499     13.9G   0.01871  0.004834 0.0008643   0.02441        14       640    0.5511    0.7166    0.6709    0.3561   0.02212  0.003105  0.001119
   104/499     13.9G   0.01854  0.004945 0.0008719   0.02435        16       640    0.5436    0.6828    0.6591    0.3559   0.02189  0.003091  0.001097
   105/499     13.9G   0.01831  0.004702 0.0009446   0.02396        19       640    0.5816    0.6908    0.6604    0.3599   0.02193  0.003134  0.001259
   106/499     13.9G   0.01839  0.004558 0.0007968   0.02375        16       640    0.5536    0.7036    0.6678    0.3563   0.02171  0.003105  0.001203
   107/499     13.9G   0.01868  0.004844 0.0009742    0.0245        15       640    0.5503    0.6867    0.6504    0.3551   0.02192    0.0032  0.001182
   108/499     13.9G   0.01812  0.004942 0.0008287   0.02389         8       640    0.5624    0.6977    0.6683    0.3738   0.02173  0.003079  0.001153
   109/499     13.9G   0.01818  0.004715 0.0007977   0.02369        13       640    0.5871    0.7014    0.6682    0.3719   0.02144  0.003101  0.001189
   110/499     13.9G   0.01824  0.004845 0.0008495   0.02393        14       640    0.5312    0.7067    0.6542     0.368   0.02141  0.003141  0.001049
   111/499     13.9G   0.01753  0.004642 0.0008518   0.02303         9       640    0.6146    0.6845    0.6623    0.3605   0.02179  0.003155  0.001165
   112/499     13.9G   0.01806  0.004574 0.0008977   0.02353        15       640    0.5297    0.7101    0.6606    0.3573   0.02148  0.003107  0.001132
   113/499     13.9G   0.01774   0.00466 0.0007861   0.02319         9       640    0.5884    0.7016    0.6692    0.3491   0.02156  0.003132  0.001088
   114/499     13.9G   0.01814  0.004911  0.000931   0.02398         7       640    0.5497    0.7037    0.6763     0.371    0.0213   0.00308 0.0009834
   115/499     13.9G   0.01785  0.004744 0.0008174   0.02341        15       640    0.5576    0.7036    0.6632     0.353    0.0213  0.003104  0.001095
   116/499     13.9G   0.01757  0.004619 0.0008851   0.02307        10       640    0.5901    0.6929    0.6657    0.3717   0.02141  0.003094  0.001111
   117/499     13.9G   0.01832  0.004711  0.000841   0.02387        17       640    0.5845    0.6823    0.6518     0.354   0.02152  0.003139  0.001219
   118/499     13.9G   0.01766  0.004608 0.0009414   0.02321        13       640     0.569    0.6928    0.6661    0.3609   0.02141  0.003155  0.001093
   119/499     13.9G   0.01764  0.004622 0.0008098   0.02307        14       640    0.5634    0.6888    0.6594    0.3503   0.02154   0.00318  0.001043
   120/499     13.9G   0.01763   0.00476 0.0007885   0.02318        16       640    0.5857    0.6932    0.6772    0.3689   0.02092  0.003128  0.001089
   121/499     13.9G   0.01746  0.004647 0.0008049   0.02291         7       640    0.5605    0.6994    0.6668    0.3598   0.02167  0.003119  0.001205
   122/499     13.9G   0.01773  0.004588 0.0008322   0.02315        12       640    0.5599    0.7057    0.6733    0.3615   0.02117  0.003111  0.001109
   123/499     13.9G   0.01764  0.004532 0.0009083   0.02309        16       640    0.5756     0.693    0.6737    0.3747   0.02108  0.003154  0.001103
   124/499     13.9G   0.01752  0.004557 0.0009672   0.02305         6       640     0.527    0.6889    0.6566    0.3607   0.02131  0.003168    0.0011
   125/499     13.9G   0.01752  0.004612 0.0008882   0.02302        10       640    0.5716    0.7031    0.6757    0.3666   0.02147  0.003135  0.001008
   126/499     13.9G   0.01714  0.004645 0.0007666   0.02255        12       640    0.5996    0.6844    0.6705    0.3588   0.02139  0.003174  0.001014
   127/499     13.9G   0.01685  0.004447 0.0007989   0.02209        10       640    0.5991    0.6822    0.6687    0.3564   0.02089  0.003214    0.0011
   128/499     13.9G   0.01766  0.004637 0.0008773   0.02318        12       640    0.5783    0.6799    0.6641    0.3645   0.02096  0.003164  0.001064
   129/499     13.9G   0.01699  0.004666 0.0008095   0.02246        27       640    0.5493    0.6973    0.6708    0.3618    0.0214  0.003196  0.001071
   130/499     13.9G   0.01742  0.004411 0.0008652    0.0227        22       640    0.5847    0.6839    0.6608    0.3649   0.02067  0.003259  0.001028
   131/499     13.9G   0.01705  0.004341 0.0008109    0.0222        13       640    0.5831    0.6738    0.6642     0.365   0.02092  0.003213 0.0009954
   132/499     13.9G   0.01719  0.004515 0.0007513   0.02246        24       640    0.5775    0.6651     0.654    0.3584   0.02074  0.003241  0.001002
   133/499     13.9G    0.0174  0.004394 0.0009032    0.0227        20       640    0.5793    0.7039    0.6752    0.3648   0.02016  0.003161 0.0009849
   134/499     13.9G   0.01689  0.004388 0.0007689   0.02204         7       640    0.5895    0.6972    0.6708    0.3545   0.02068  0.003206 0.0009771
   135/499     13.9G    0.0175  0.004555 0.0008052   0.02286        11       640    0.5973      0.68    0.6637    0.3594   0.02099  0.003115  0.001006
   136/499     13.9G   0.01695  0.004558 0.0007711   0.02228        13       640    0.6023    0.6843    0.6758    0.3608   0.02111  0.003114  0.001002
   137/499     13.9G   0.01707  0.004601 0.0007773   0.02245        10       640    0.5597    0.6954    0.6672    0.3574   0.02111  0.003154 0.0009329
   138/499     13.9G    0.0167  0.004345 0.0006885   0.02174         9       640    0.5895    0.6865    0.6668    0.3501   0.02102   0.00323  0.001027
   139/499     13.9G   0.01675  0.004479 0.0008033   0.02204        17       640    0.5839    0.6972     0.665    0.3566   0.02103  0.003194   0.00107
   140/499     13.9G   0.01724  0.004535 0.0008892   0.02267        21       640    0.5708    0.6865    0.6531    0.3459   0.02158  0.003285   0.00108
   141/499     11.3G   0.01651  0.004449 0.0007251   0.02169        15       640    0.5757     0.665     0.655    0.3532   0.02205  0.003265  0.001019
   142/499     14.4G   0.01681  0.004339 0.0007164   0.02187         8       640    0.5653    0.6908    0.6678    0.3597   0.02217   0.00322  0.001022
   143/499     14.4G   0.01665  0.004498 0.0008064   0.02195        14       640    0.5662    0.6801    0.6634    0.3578   0.02154  0.003221  0.001078
   144/499     14.4G   0.01675  0.004465 0.0008255   0.02204        16       640    0.5905    0.6567    0.6519    0.3509   0.02165  0.003292  0.001113
   145/499     14.4G   0.01636  0.004435 0.0007717   0.02157        16       640     0.605    0.6588    0.6538    0.3508   0.02154  0.003271   0.00109
   146/499     14.4G    0.0164  0.004342 0.0007921   0.02154         4       640    0.6047    0.6566    0.6507    0.3549   0.02162  0.003269  0.001059
   147/499     14.4G   0.01649  0.004384 0.0008013   0.02168        10       640    0.5738    0.6779    0.6608    0.3605    0.0215  0.003211  0.001217
   148/499     14.4G   0.01621  0.004215 0.0007577   0.02118         3       640    0.6053    0.6886    0.6685     0.355   0.02173  0.003197  0.001232
   149/499     14.4G   0.01661  0.004476 0.0007607   0.02185        12       640    0.5888    0.6653    0.6517    0.3453   0.02205  0.003277  0.001186
   150/499     14.4G   0.01624  0.004344 0.0007208   0.02131        25       640    0.5865    0.6652    0.6435    0.3615   0.02131  0.003296  0.001179
   151/499     14.4G   0.01625  0.004526 0.0006588   0.02143         3       640    0.5979    0.6671    0.6479    0.3579   0.02169  0.003289  0.001118
   152/499     14.4G   0.01631  0.004316 0.0007362   0.02137        11       640    0.6088    0.6886    0.6662     0.357   0.02162  0.003274  0.001145
   153/499     14.4G   0.01626  0.004468 0.0007919   0.02152        15       640    0.5919    0.6759    0.6668    0.3524   0.02165  0.003234  0.001141
   154/499     14.4G   0.01637  0.004437 0.0007285   0.02154        17       640     0.575    0.6866    0.6576    0.3494   0.02151   0.00323  0.001253
   155/499     14.4G   0.01637  0.004402 0.0007685   0.02154        10       640    0.6113    0.6917    0.6723    0.3488   0.02159  0.003244  0.001047
   156/499     14.4G   0.01591  0.004056 0.0006601   0.02063         8       640    0.5678    0.6881    0.6612    0.3553   0.02163  0.003238  0.001035
   157/499     14.4G   0.01673  0.004327 0.0008603   0.02192        19       640    0.5771     0.695     0.672    0.3636   0.02142  0.003242   0.00115
   158/499     14.4G   0.01597   0.00425 0.0008458   0.02106        10       640    0.5914    0.6889    0.6546    0.3442   0.02176  0.003269  0.001208
   159/499     14.4G   0.01594  0.004245   0.00062   0.02081        10       640    0.5829    0.6844    0.6514    0.3282    0.0223  0.003328  0.001158
   160/499     11.3G   0.01564  0.003979 0.0006739   0.02029        29       640    0.5995    0.6848     0.672    0.3671    0.0175  0.002604  0.000851
   161/499     14.4G   0.01625  0.003982 0.0006855   0.02092        21       640    0.5824    0.6979    0.6714    0.3615   0.01762  0.002579 0.0009393
   162/499     14.4G   0.01619   0.00391 0.0007992    0.0209        36       640    0.6118    0.6995    0.6719    0.3639   0.01759   0.00257 0.0008244
   163/499     14.4G    0.0163  0.004074 0.0006858   0.02106        25       640     0.575     0.704    0.6675    0.3607   0.01777  0.002568 0.0009419
   164/499     14.4G   0.01612  0.004153 0.0007601   0.02104        23       640    0.5972    0.6717    0.6573    0.3625   0.01793  0.002642 0.0009535
   165/499     14.4G   0.01614   0.00399 0.0007269   0.02085        22       640     0.539    0.6734     0.646    0.3476   0.01815  0.002624 0.0008682
   166/499     14.4G   0.01619  0.004028 0.0007099   0.02093        25       640    0.5694    0.6954    0.6647    0.3603   0.01752  0.002576 0.0009082
   167/499     14.4G   0.01631  0.004089 0.0006909   0.02109        31       640    0.5842    0.6976    0.6627    0.3602   0.01764  0.002651 0.0009153
   168/499     14.4G   0.01627  0.003956 0.0007875   0.02101        16       640    0.5945    0.6954    0.6743    0.3698    0.0174  0.002603 0.0008671
   169/499     14.4G   0.01557  0.004018 0.0007005   0.02028        26       640    0.5701    0.6965    0.6687    0.3626   0.01788  0.002613 0.0008058
   170/499     14.4G    0.0169  0.004117 0.0007876    0.0218        18       640     0.589    0.6763    0.6602    0.3644   0.01784   0.00262 0.0008453
   171/499     14.4G   0.01556    0.0041 0.0006189   0.02028        20       640     0.609    0.6953    0.6806    0.3704   0.01755   0.00254  0.000895
   172/499     14.4G   0.01602  0.003946 0.0007236   0.02069        26       640    0.5605     0.676    0.6534    0.3559   0.01798  0.002612 0.0009466
   173/499     14.4G   0.01605  0.004069 0.0008002   0.02092        31       640    0.6003    0.7018    0.6777    0.3779   0.01773  0.002545 0.0009167
   174/499     14.4G   0.01623  0.003905 0.0006713   0.02081        31       640    0.6023    0.7057    0.6845    0.3671   0.01788  0.002558 0.0009302
   175/499     14.4G   0.01617  0.003993 0.0007223   0.02089        35       640    0.6019    0.6997    0.6736    0.3766   0.01755  0.002571 0.0009905
   176/499     14.4G   0.01581  0.003868 0.0007797   0.02046        20       640    0.6033    0.6869    0.6691    0.3679   0.01785  0.002635 0.0009334
   177/499     14.4G   0.01554  0.003976 0.0006735   0.02018        26       640    0.5831    0.6935    0.6628    0.3623   0.01771  0.002642 0.0008777
   178/499     14.4G   0.01565  0.003999 0.0007103   0.02036        24       640      0.59    0.6972    0.6557    0.3596   0.01774  0.002658 0.0009065
   179/499     14.4G    0.0156  0.003857 0.0006904   0.02015        13       640    0.6095    0.6829    0.6607    0.3574   0.01789  0.002677 0.0009441
   180/499     14.4G   0.01568  0.003867 0.0007548    0.0203        25       640    0.5934    0.6998    0.6662    0.3643   0.01796  0.002645 0.0008455
   181/499     14.4G   0.01617  0.003867 0.0007617    0.0208        33       640    0.5904     0.704    0.6679    0.3668   0.01766   0.00266 0.0009293
   182/499     14.4G   0.01585  0.003949 0.0007644   0.02056        16       640    0.6054    0.6974    0.6658    0.3615   0.01791  0.002672 0.0009196
   183/499     14.4G   0.01608   0.00397 0.0008412   0.02089        18       640    0.5873    0.6954    0.6602    0.3542   0.01805  0.002631 0.0009497
   184/499     14.4G    0.0157  0.003976 0.0006732   0.02035        31       640    0.5907    0.6762    0.6525    0.3522   0.01812  0.002643 0.0009678
   185/499     14.4G   0.01556  0.004092 0.0007739   0.02042        38       640    0.6112    0.6697     0.644    0.3503   0.01801  0.002683 0.0009544
   186/499     14.4G   0.01383  0.003668  0.000511   0.01801        29       640    0.5965     0.691    0.6614    0.3641   0.01776  0.002641 0.0009094
   187/499     14.2G   0.01452  0.003635 0.0005404   0.01869        21       640    0.6076    0.6827     0.666    0.3618   0.01802  0.002668 0.0008806
   188/499     14.2G    0.0141  0.003551 0.0005899   0.01824        36       640    0.6277    0.6844    0.6599    0.3616   0.01821  0.002711 0.0009794
   189/499     14.2G   0.01417  0.003681 0.0005106   0.01836        25       640    0.5943    0.6891     0.653    0.3567   0.01791  0.002701 0.0009788
   190/499     14.2G   0.01435  0.003827 0.0005856   0.01876        23       640    0.5982    0.6848     0.665    0.3591   0.01771  0.002739 0.0009199
   191/499     14.2G   0.01429  0.003642 0.0006096   0.01854        22       640    0.5972    0.6828    0.6562    0.3543    0.0179  0.002762 0.0009836
   192/499     14.2G   0.01428  0.003664 0.0005215   0.01846        25       640    0.5876    0.6996    0.6665    0.3605   0.01798  0.002719 0.0009058
   193/499     14.2G   0.01444  0.003738 0.0005459   0.01872        31       640    0.5813    0.6805    0.6581    0.3463   0.01794  0.002734 0.0008929
   194/499     14.2G   0.01463  0.003651 0.0005752   0.01886        16       640    0.5789    0.6783    0.6544    0.3525   0.01773  0.002762 0.0008852
   195/499     14.2G   0.01384  0.003667 0.0005457   0.01805        26       640    0.5856    0.6828    0.6638    0.3544   0.01784  0.002755 0.0008594
   196/499     14.2G   0.01501  0.003789 0.0007149   0.01951        18       640     0.597    0.6847    0.6602    0.3607   0.01772  0.002728  0.000866
   197/499     14.2G   0.01383  0.003752 0.0005098    0.0181        20       640    0.5863    0.6804    0.6606    0.3639   0.01789  0.002687 0.0009046
   198/499     14.2G   0.01433  0.003635 0.0006283    0.0186        26       640    0.5675    0.6804     0.659    0.3535   0.01811  0.002644  0.000914
   199/499     14.2G   0.01422   0.00374 0.0006362    0.0186        31       640    0.5811    0.6827    0.6514    0.3516   0.01795  0.002709 0.0009609
   200/499     14.2G   0.01441  0.003607 0.0005637   0.01858        31       640    0.6088    0.6806    0.6621    0.3554   0.01814  0.002728 0.0008807
   201/499     14.2G   0.01444  0.003643 0.0005786   0.01866        35       640    0.6132    0.6898    0.6625    0.3564   0.01788  0.002722 0.0008257
   202/499     14.2G   0.01398  0.003557 0.0006199   0.01816        20       640    0.6189    0.6739      0.67    0.3637   0.01787  0.002726  0.000843
   203/499     14.2G   0.01355  0.003635 0.0005101    0.0177        26       640    0.6174    0.6762    0.6656    0.3614   0.01784  0.002758 0.0009181
   204/499     14.2G   0.01389  0.003697 0.0005664   0.01815        24       640    0.6141    0.6719     0.653    0.3575   0.01773  0.002727 0.0008924
   205/499     14.2G   0.01387  0.003585 0.0005638   0.01802        13       640    0.6279    0.6847    0.6656    0.3642   0.01795  0.002712 0.0009329
   206/499     14.2G   0.01399  0.003579 0.0005522   0.01812        25       640    0.6287    0.6677    0.6644    0.3616   0.01807   0.00269 0.0009156
   207/499     14.2G   0.01413  0.003586 0.0005601   0.01828        33       640    0.5999    0.6847    0.6666    0.3581   0.01808  0.002702 0.0009383
   208/499     14.2G   0.01398  0.003643 0.0006479   0.01827        16       640    0.6104    0.6872    0.6781    0.3708   0.01804  0.002703 0.0009364
   209/499     14.2G   0.01402  0.003639 0.0006038   0.01826        18       640    0.5772    0.6609    0.6502    0.3576   0.01802  0.002739 0.0009588
   210/499     14.2G   0.01412  0.003636 0.0005506   0.01831        31       640    0.6011    0.6847    0.6529    0.3558   0.01805  0.002739 0.0009317
   211/499     14.2G   0.01416  0.003802 0.0006788   0.01864        38       640    0.6262    0.6629    0.6501    0.3537   0.01806  0.002754  0.001002
   212/499     14.2G   0.01456  0.003897 0.0006186   0.01907        18       640    0.6159     0.674    0.6564    0.3577   0.01794  0.002721 0.0009277
   213/499     14.2G   0.01466  0.003813 0.0006511   0.01912        19       640    0.6093    0.6763     0.657     0.359   0.01779  0.002706 0.0008866
   214/499     14.2G   0.01503  0.003798 0.0006703    0.0195        20       640    0.5999    0.6568    0.6581    0.3639   0.01795  0.002693 0.0008833
   215/499     14.2G   0.01453  0.003582 0.0006126   0.01873        38       640    0.6082    0.6782    0.6588    0.3621   0.01809  0.002719 0.0008965
   216/499     14.2G   0.01449  0.003565  0.000549    0.0186        29       640    0.6176    0.6825    0.6659    0.3666   0.01803  0.002699 0.0009165
   217/499     14.2G   0.01496   0.00389 0.0007236   0.01957        22       640    0.6083    0.6741    0.6589    0.3682   0.01785  0.002672 0.0009724
   218/499     14.2G   0.01431  0.003809 0.0006723   0.01879        26       640    0.6395    0.6693    0.6683    0.3754   0.01776  0.002721 0.0009351
   219/499     14.2G   0.01418  0.003697 0.0005923   0.01847        43       640    0.6268    0.6698    0.6669    0.3753   0.01768  0.002708 0.0008849
   220/499     14.2G   0.01474  0.003752 0.0007341   0.01922        20       640    0.6341    0.6677    0.6629    0.3684   0.01798  0.002722 0.0008769
   221/499     14.2G   0.01449  0.003716 0.0006247   0.01883        21       640    0.6197    0.6739    0.6541    0.3571   0.01787  0.002768 0.0008853
   222/499     14.2G   0.01448  0.003695 0.0005931   0.01877        25       640    0.6482    0.6761    0.6649    0.3601   0.01807  0.002727 0.0009268
   223/499     14.2G   0.01471  0.003774  0.000643   0.01912        30       640    0.6183    0.6904    0.6612    0.3623   0.01791  0.002685  0.000885
   224/499     14.2G   0.01468  0.003608 0.0006054   0.01889        21       640      0.61    0.6978    0.6673    0.3621   0.01775  0.002687 0.0009236
   225/499     14.2G   0.01462  0.003697 0.0006701   0.01898        32       640    0.6184    0.6885      0.66    0.3667    0.0179  0.002712 0.0009007
   226/499     14.2G   0.01467  0.003863 0.0006035   0.01914        28       640    0.6119    0.6912     0.666    0.3609   0.01779   0.00272 0.0008704
   227/499     14.2G   0.01481  0.003702 0.0006352   0.01915        40       640    0.6171    0.6847    0.6581    0.3644   0.01814  0.002715 0.0009264
   228/499     14.2G   0.01429  0.003633 0.0005738    0.0185        16       640    0.6424    0.6783    0.6607    0.3604   0.01821  0.002719 0.0008864
   229/499     14.2G   0.01426  0.003625 0.0006958   0.01858        21       640    0.6203    0.6807    0.6604    0.3621   0.01828  0.002718 0.0008153
   230/499     14.2G   0.01421  0.003675 0.0005568   0.01844        18       640    0.6257    0.6934    0.6748    0.3665   0.01791    0.0027 0.0008783
   231/499     14.2G    0.0145  0.003728 0.0007269   0.01895        24       640    0.6151    0.6934    0.6704    0.3627   0.01804   0.00273 0.0009109
   232/499     14.2G   0.01474  0.003778 0.0006869    0.0192        19       640    0.6228    0.6828    0.6623    0.3666   0.01779   0.00272 0.0009221
   233/499     14.2G   0.01421  0.003629 0.0006099   0.01845        27       640    0.6224    0.6936    0.6704    0.3637   0.01774  0.002701 0.0008044
   234/499     14.2G   0.01423  0.003682 0.0005847    0.0185        14       640    0.6203    0.6762    0.6543    0.3566   0.01794  0.002781 0.0008218
   235/499     14.2G    0.0141  0.003658 0.0006176   0.01837        22       640    0.6242    0.6741    0.6619    0.3601   0.01801  0.002767 0.0008145
   236/499     14.2G   0.01372  0.003576 0.0005532   0.01785        27       640    0.6415    0.6741    0.6669    0.3597   0.01784  0.002755 0.0007996
   237/499     14.2G   0.01453  0.003598 0.0006142   0.01875        25       640    0.6178    0.6721    0.6642    0.3578   0.01799  0.002777 0.0007986
   238/499     14.2G   0.01448  0.003735 0.0007017   0.01892        33       640    0.6157    0.6807    0.6673    0.3615   0.01802   0.00275 0.0008173
   239/499     14.2G   0.01406  0.003837 0.0006778   0.01858        30       640    0.6036    0.6851    0.6599    0.3537   0.01794  0.002766 0.0008363
   240/499     14.2G   0.01406  0.003736 0.0005679   0.01836        17       640    0.6179    0.6635    0.6491    0.3515    0.0178  0.002785 0.0007892
   241/499     14.2G   0.01412  0.003675 0.0005789   0.01837        37       640    0.5944    0.6634    0.6529    0.3547   0.01752   0.00277 0.0008084
   242/499     14.2G   0.01373  0.003582 0.0005972   0.01791        20       640    0.6091    0.6668    0.6562    0.3578   0.01759  0.002755 0.0008211
   243/499     14.2G   0.01412  0.003713 0.0005835   0.01842        34       640    0.6224    0.6597    0.6483     0.352   0.01782  0.002789 0.0008369
   244/499     14.2G   0.01394  0.003717 0.0005828   0.01824        26       640    0.6103     0.655    0.6467    0.3526   0.01773  0.002782 0.0008463
   245/499     14.2G   0.01394  0.003474 0.0004901    0.0179        31       640    0.6133    0.6483    0.6475    0.3546   0.01787  0.002832 0.0008556
   246/499     14.2G   0.01386  0.003559 0.0006752   0.01809        24       640    0.6204    0.6462    0.6464    0.3521   0.01791  0.002793 0.0009114
   247/499     14.2G   0.01367  0.003543 0.0005832    0.0178        15       640     0.637    0.6708    0.6539    0.3569   0.01796  0.002765  0.000885
   248/499     14.2G   0.01409  0.003589  0.000504   0.01819        26       640    0.6297    0.6871     0.665    0.3659   0.01788  0.002702 0.0007956
   249/499     14.2G   0.01373  0.003467 0.0005815   0.01778        20       640    0.6011    0.6702    0.6588    0.3673    0.0179  0.002727 0.0008152
   250/499     14.2G    0.0139  0.003529 0.0006302   0.01806        19       640    0.6044    0.6718    0.6472     0.357   0.01812  0.002733 0.0008877
   251/499     14.2G   0.01373  0.003541 0.0004951   0.01777        12       640    0.5981    0.6677    0.6571    0.3594    0.0181  0.002734 0.0008794
   252/499     14.2G   0.01373  0.003597 0.0005821   0.01791        32       640    0.6095     0.669    0.6532    0.3568   0.01809  0.002749 0.0009213
   253/499     14.2G   0.01321  0.003527 0.0005065   0.01725        16       640    0.6226    0.6662    0.6504    0.3591    0.0181  0.002792 0.0009004
   254/499     14.2G    0.0135  0.003557 0.0005929   0.01764        30       640    0.6258      0.67    0.6658    0.3628   0.01805  0.002762 0.0008642
   255/499     14.2G   0.01349  0.003607 0.0005964    0.0177        32       640    0.6237    0.6612     0.665    0.3587   0.01797  0.002801 0.0008427
   256/499     14.2G   0.01374  0.003473 0.0006612   0.01787        23       640    0.6189    0.6634    0.6542    0.3552    0.0179  0.002766 0.0008379
   257/499     14.2G   0.01369  0.003611 0.0005826   0.01789        20       640    0.6073    0.6611    0.6568    0.3596   0.01804  0.002743 0.0008466
   258/499     14.2G   0.01314  0.003522  0.000572   0.01723        26       640    0.6026    0.6591    0.6477    0.3549   0.01807  0.002749 0.0008933
   259/499     14.2G   0.01351   0.00341 0.0005883   0.01751        22       640    0.6104    0.6591    0.6465    0.3461   0.01823  0.002806 0.0009365
   260/499     14.2G   0.01334    0.0034 0.0005641    0.0173        26       640    0.6186    0.6613    0.6472    0.3527   0.01826  0.002837 0.0009334
   261/499     14.2G   0.01347  0.003522 0.0006181   0.01761        29       640    0.6367    0.6762    0.6566    0.3566   0.01818  0.002746 0.0008829
   262/499     14.2G   0.01374  0.003474 0.0006146   0.01783        25       640    0.6105     0.676    0.6586    0.3609   0.01831  0.002712 0.0008706
   263/499     14.2G   0.01322  0.003503 0.0005136   0.01724        33       640    0.5913    0.6785    0.6559    0.3634   0.01824  0.002719 0.0008804
   264/499     14.2G   0.01358  0.003653 0.0005977   0.01783        40       640    0.6135    0.6783    0.6568     0.362    0.0181  0.002729 0.0008853
   265/499     14.2G   0.01344  0.003522 0.0004931   0.01746        29       640    0.5925    0.6783    0.6478    0.3614   0.01816  0.002721 0.0008941
   266/499     14.2G   0.01315   0.00335 0.0005577   0.01706        32       640    0.6184    0.6783     0.651    0.3649   0.01815  0.002736 0.0009012
   267/499     14.2G   0.01321  0.003331 0.0005286   0.01707        37       640    0.6434    0.6653    0.6529    0.3633   0.01803  0.002742 0.0008924
   268/499     14.2G   0.01344  0.003377 0.0005093   0.01733        14       640    0.6229    0.6635    0.6621    0.3637    0.0181  0.002747 0.0008969
   269/499     14.2G   0.01345  0.003508 0.0005395   0.01749        38       640    0.6182     0.657    0.6566    0.3636   0.01791  0.002745 0.0008544
   270/499     14.2G   0.01341  0.003525 0.0005242   0.01746        24       640    0.6125    0.6534    0.6505    0.3579   0.01791  0.002768 0.0008952
   271/499     14.2G   0.01386  0.003462 0.0004959   0.01782        35       640    0.6266    0.6569    0.6536    0.3662   0.01789  0.002761 0.0009232
   272/499     14.2G   0.01336  0.003427 0.0004774   0.01727        15       640    0.6313    0.6614    0.6523    0.3632   0.01797  0.002759 0.0009348
   273/499     14.2G   0.01279  0.003335 0.0005179   0.01664        32       640    0.6244    0.6758    0.6594    0.3616   0.01793  0.002757  0.000913
   274/499     14.2G   0.01308  0.003582 0.0005708   0.01724        26       640    0.5986    0.6717    0.6542    0.3613   0.01812  0.002761 0.0009123
   275/499     14.2G   0.01303  0.003433 0.0005715   0.01703        21       640    0.5923    0.6632    0.6516    0.3593   0.01807  0.002782 0.0009272
   276/499     14.2G   0.01328   0.00349 0.0005761   0.01734        27       640    0.6006    0.6632    0.6485    0.3574     0.018   0.00279 0.0008854
   277/499     14.2G   0.01337  0.003556 0.0005585   0.01748        17       640    0.6128    0.6591    0.6476    0.3522   0.01803    0.0028 0.0008652
   278/499     14.2G   0.01307  0.003458 0.0006033   0.01713        23       640    0.6354    0.6697    0.6677    0.3686   0.01785  0.002754  0.000823
   279/499     14.2G   0.01278  0.003277 0.0004705   0.01653        22       640    0.6462     0.674    0.6692    0.3654   0.01781  0.002748 0.0008476
   280/499     14.2G    0.0129  0.003489 0.0005455   0.01694        32       640    0.6351    0.6654     0.663    0.3621   0.01798  0.002756 0.0008647
   281/499     14.2G   0.01272  0.003335 0.0004987   0.01655        11       640    0.6311    0.6718    0.6582    0.3605   0.01808  0.002781 0.0008587
   282/499     14.2G   0.01284  0.003503 0.0005205   0.01686        22       640    0.6209    0.6793    0.6563    0.3604   0.01817  0.002766 0.0008775
   283/499     14.2G   0.01331  0.003294 0.0004899    0.0171        23       640    0.6375    0.6762    0.6553    0.3609    0.0181  0.002778 0.0008806
   284/499     14.2G   0.01323  0.003593 0.0006561   0.01748        30       640     0.634    0.6801    0.6596    0.3589   0.01801  0.002778 0.0008697
   285/499     14.2G   0.01285  0.003452 0.0005207   0.01683        14       640    0.6269    0.6764     0.653    0.3531   0.01806  0.002738 0.0008754
   286/499     14.2G   0.01301  0.003337   0.00053   0.01688        20       640    0.6172    0.6762    0.6505    0.3514   0.01816  0.002763 0.0008823
   287/499     14.2G   0.01285  0.003416 0.0005198   0.01678        34       640    0.6328    0.6805    0.6487    0.3486   0.01809   0.00279 0.0009089
   288/499     14.2G   0.01275  0.003444  0.000557   0.01675        26       640    0.6139    0.6826    0.6494    0.3536   0.01802  0.002775 0.0009035
   289/499     14.2G   0.01307  0.003413 0.0005512   0.01704        17       640    0.6171    0.6741    0.6559    0.3579   0.01793   0.00278 0.0009325
   290/499     14.2G     0.013  0.003523 0.0005202   0.01705        29       640    0.6224    0.6675    0.6519    0.3582   0.01804  0.002777 0.0009223
   291/499     14.2G   0.01322  0.003581 0.0005625   0.01736        25       640    0.6327    0.6654    0.6517    0.3539   0.01814  0.002747 0.0009481
   292/499     14.2G   0.01307  0.003342 0.0005907     0.017        14       640    0.6256    0.6718    0.6503    0.3531   0.01811  0.002764 0.0009335
   293/499     14.2G    0.0126  0.003359 0.0004763   0.01643        19       640    0.6162     0.672    0.6466     0.357   0.01813  0.002753 0.0009296
   294/499     14.2G   0.01338  0.003674 0.0006051   0.01765        23       640    0.6229    0.6698    0.6535    0.3571   0.01811  0.002757 0.0009021
   295/499     14.2G   0.01326   0.00345 0.0005442   0.01726        21       640    0.6285    0.6742    0.6584    0.3608     0.018   0.00276  0.000876
   296/499     14.2G   0.01256  0.003406  0.000462   0.01643        26       640    0.6232    0.6677    0.6528    0.3605   0.01803  0.002767 0.0008698
   297/499     14.2G   0.01256  0.003381 0.0004868   0.01643        29       640     0.615    0.6698     0.651    0.3609   0.01798  0.002797 0.0008418
   298/499     14.2G   0.01291  0.003409 0.0005378   0.01686        19       640     0.619    0.6697    0.6545    0.3591   0.01803  0.002787 0.0008227
   299/499     14.2G    0.0128  0.003359 0.0005449    0.0167        32       640    0.6346    0.6624    0.6527     0.358   0.01811  0.002789 0.0008302
   300/499     14.2G   0.01267  0.003463 0.0004892   0.01663        53       640     0.625    0.6697    0.6581    0.3592   0.01798  0.002763 0.0008547
   301/499     14.2G   0.01297  0.003304 0.0005127   0.01679        23       640    0.6258    0.6677    0.6622    0.3619    0.0179  0.002784 0.0008417
   302/499     14.2G   0.01252  0.003307 0.0004477   0.01628        29       640    0.6231    0.6677    0.6596    0.3647   0.01789  0.002764 0.0008311
   303/499     14.2G   0.01276  0.003408  0.000498   0.01667        13       640    0.6136    0.6655    0.6563    0.3641   0.01787  0.002776 0.0008234
   304/499     14.2G   0.01266  0.003441 0.0005777   0.01668        21       640    0.6382    0.6808    0.6603    0.3642   0.01788   0.00279 0.0008299
   305/499     14.2G   0.01276  0.003237 0.0006025    0.0166        21       640    0.6456    0.6698    0.6547    0.3608   0.01797    0.0028 0.0008513
   306/499     14.2G   0.01284  0.003419 0.0005517   0.01681        32       640    0.6418    0.6634    0.6596    0.3626   0.01801  0.002797 0.0008444
   307/499     14.2G   0.01269  0.003489 0.0005048   0.01669        32       640    0.6471    0.6774    0.6662    0.3673   0.01793  0.002775 0.0008306
   308/499     14.2G   0.01258  0.003337 0.0004904   0.01641        39       640    0.6395    0.6762    0.6623     0.366   0.01799  0.002784 0.0008202
   309/499     14.2G   0.01238  0.003344  0.000441   0.01616        24       640    0.6308    0.6741    0.6602    0.3654   0.01794  0.002764 0.0008414
   310/499     14.2G   0.01252  0.003227 0.0005002   0.01625        18       640    0.6461    0.6676    0.6623    0.3629   0.01802  0.002773 0.0008237
   311/499     14.2G   0.01242  0.003207 0.0004543   0.01608        24       640    0.6342    0.6655    0.6575    0.3631   0.01801  0.002789  0.000841
   312/499     14.2G   0.01244  0.003413 0.0005078   0.01636        23       640     0.639    0.6739    0.6626    0.3689    0.0179  0.002771 0.0008593
   313/499     14.2G   0.01262   0.00346 0.0004666   0.01655        24       640    0.6351    0.6731    0.6668     0.368   0.01795  0.002766 0.0008583
   314/499     14.2G   0.01254   0.00327 0.0005253   0.01634        17       640    0.6524    0.6741    0.6639     0.365   0.01796  0.002777 0.0008545
   315/499     14.2G   0.01271  0.003385 0.0005985   0.01669        29       640    0.6519    0.6741    0.6672     0.364   0.01795  0.002784 0.0008675
   316/499     14.2G   0.01248  0.003327   0.00053   0.01634        28       640    0.6435    0.6783    0.6654    0.3554   0.01801  0.002797 0.0008775
   317/499     14.2G    0.0123  0.003361  0.000518   0.01617        27       640     0.642    0.6718    0.6634    0.3567    0.0179  0.002814 0.0008521
   318/499     14.2G   0.01212    0.0032 0.0004972   0.01581        18       640    0.6513    0.6848    0.6719    0.3625    0.0179  0.002795  0.000831
   319/499     14.2G   0.01216  0.003295 0.0004771   0.01593        24       640    0.6334    0.6804    0.6698    0.3638   0.01791  0.002783 0.0008677
   320/499     14.2G   0.01284  0.003322 0.0005147   0.01667        18       640    0.6391    0.6807    0.6726    0.3652   0.01789  0.002785 0.0008687
   321/499     14.2G   0.01262  0.003313 0.0005117   0.01644        25       640    0.6417     0.672    0.6623    0.3651   0.01787  0.002785 0.0008738
   322/499     14.2G   0.01222  0.003201 0.0004172   0.01584        10       640    0.6454    0.6698    0.6629    0.3678   0.01786  0.002786 0.0008696
   323/499     14.2G   0.01243    0.0034 0.0004674    0.0163        24       640    0.6536    0.6698    0.6616    0.3649   0.01785  0.002778 0.0008765
   324/499     14.2G    0.0122  0.003185 0.0003922   0.01578        10       640    0.6525    0.6731    0.6638    0.3661   0.01784  0.002776 0.0008726
   325/499     14.2G   0.01188  0.003243 0.0003986   0.01552        15       640    0.6401    0.6763    0.6599    0.3643   0.01784  0.002783 0.0008524
   326/499     14.2G   0.01228  0.003364 0.0005263   0.01617        13       640    0.6528    0.6804    0.6581    0.3646   0.01786  0.002786  0.000839
   327/499     14.2G   0.01197  0.003291 0.0004378    0.0157        32       640    0.6416    0.6765    0.6602     0.365    0.0179  0.002785 0.0008247
   328/499     14.2G   0.01203  0.003225 0.0004294   0.01569        44       640    0.6237    0.6764     0.658    0.3625   0.01781  0.002792 0.0008167
   329/499     14.2G   0.01252  0.003258 0.0004818   0.01626        21       640    0.6281    0.6806    0.6594    0.3655   0.01779  0.002808 0.0008222
   330/499     14.2G   0.01206  0.003273 0.0004728    0.0158        18       640    0.6273    0.6756    0.6663    0.3709   0.01774  0.002798 0.0008279
   331/499     14.2G   0.01249  0.003308 0.0005099   0.01631        18       640    0.6285    0.6763    0.6683    0.3733   0.01772  0.002779 0.0008214
   332/499     14.2G    0.0123  0.003142 0.0005741   0.01601        32       640    0.6385    0.6765    0.6646    0.3688   0.01775  0.002797 0.0008283
   333/499     14.2G   0.01206   0.00336 0.0004524   0.01587        21       640    0.6475    0.6848    0.6692    0.3675   0.01778  0.002798 0.0008349
   334/499     14.2G   0.01232   0.00344 0.0005961   0.01636        45       640    0.6339    0.6775    0.6589    0.3671   0.01774  0.002807 0.0008213
   335/499     14.2G   0.01234  0.003431 0.0004718   0.01624        45       640    0.6413    0.6677    0.6532    0.3639   0.01778  0.002826 0.0008086
   336/499     14.2G   0.01217  0.003379 0.0005403   0.01609        15       640    0.6356    0.6614    0.6498    0.3616   0.01783  0.002836 0.0008049
   337/499     14.2G   0.01249  0.003279 0.0005649   0.01633        26       640    0.6438    0.6656    0.6532    0.3619   0.01782  0.002825  0.000803
   338/499     14.2G   0.01167  0.003156 0.0004689    0.0153        17       640    0.6477    0.6658     0.654    0.3631   0.01779  0.002819  0.000798
   339/499     14.2G   0.01206  0.003123 0.0004198    0.0156        31       640    0.6422    0.6692    0.6531    0.3636   0.01784  0.002799 0.0008037
   340/499     14.2G   0.01211  0.003243 0.0004749   0.01583        27       640    0.6398    0.6634     0.655    0.3664   0.01779  0.002807 0.0008171
   341/499     14.2G   0.01236  0.003222 0.0005399   0.01612        17       640    0.6371    0.6611    0.6562    0.3686   0.01786  0.002807 0.0008196
   342/499     14.2G   0.01194  0.003218 0.0004722   0.01563        28       640    0.6288    0.6634    0.6541      0.37   0.01789  0.002815  0.000817
   343/499     14.2G   0.01206  0.003153 0.0005111   0.01573        31       640    0.6226    0.6655    0.6567    0.3665   0.01785  0.002822 0.0008259
   344/499     14.2G     0.012  0.003179 0.0004923   0.01567        21       640    0.6288    0.6631    0.6554    0.3662   0.01781   0.00282 0.0008396
   345/499     14.2G   0.01182   0.00315  0.000485   0.01546        17       640    0.6257    0.6676    0.6567    0.3618   0.01791  0.002825  0.000817
   346/499     14.2G   0.01162  0.003196 0.0004593   0.01528        30       640    0.6329    0.6633    0.6532    0.3598   0.01794  0.002822 0.0008194
   347/499     14.2G   0.01183  0.003374 0.0004156   0.01562        32       640    0.6444    0.6697    0.6553    0.3627   0.01793  0.002815 0.0008353
   348/499     14.2G   0.01182  0.003158 0.0005184   0.01549        13       640     0.652    0.6698    0.6521    0.3583   0.01797  0.002838 0.0008342
   349/499     14.2G   0.01196  0.003201  0.000444   0.01561        23       640     0.654     0.672    0.6546    0.3612   0.01797  0.002849 0.0008303
   350/499     14.2G     0.012  0.003292 0.0005054    0.0158        27       640    0.6496    0.6656    0.6563    0.3607   0.01799   0.00285 0.0008128
   351/499     14.2G   0.01192  0.003304 0.0004662   0.01569        22       640    0.6476    0.6636    0.6591    0.3565     0.018  0.002852 0.0008091
   352/499     14.2G    0.0117  0.003083   0.00046   0.01524        25       640     0.653    0.6592    0.6581    0.3601   0.01806  0.002852  0.000794
   353/499     14.2G   0.01232   0.00319 0.0004742   0.01598        46       640    0.6473     0.673    0.6617    0.3593   0.01805  0.002841    0.0008
   354/499     14.2G   0.01202  0.003454 0.0004709   0.01594        25       640    0.6441    0.6676    0.6544    0.3587   0.01804  0.002845 0.0007912
   355/499     14.2G   0.01213  0.003272 0.0005007    0.0159        29       640    0.6481    0.6614    0.6577    0.3599   0.01804  0.002857 0.0007881
   356/499     14.2G   0.01156  0.003207 0.0004036   0.01517        20       640    0.6546     0.657    0.6562    0.3571   0.01808  0.002866 0.0007854
   357/499     14.2G   0.01221  0.003191 0.0005481   0.01594        29       640    0.6464    0.6613    0.6569    0.3572   0.01814  0.002872 0.0007845
   358/499     14.2G   0.01172  0.003135 0.0003767   0.01523        31       640    0.6438     0.664    0.6545    0.3563   0.01823  0.002879 0.0007848
   359/499     14.2G   0.01205  0.003225 0.0005248    0.0158        17       640    0.6393    0.6613    0.6543    0.3571   0.01826  0.002878 0.0007794
   360/499     14.2G   0.01202    0.0032 0.0005096   0.01573        34       640     0.644    0.6645    0.6535    0.3558   0.01829  0.002881 0.0007869
